2048, 2064, 2080, 2096,
2112, 2128, 2144, 2160,
2176, 2192, 2208, 2224,
2240, 2256, 2272, 2288,
2304, 2320, 2336, 2352,
2368, 2384, 2400, 2415,
2431, 2447, 2463, 2479,
2494, 2510, 2526, 2541,
2557, 2572, 2588, 2603,
2619, 2634, 2650, 2665,
2680, 2696, 2711, 2726,
2741, 2756, 2771, 2786,
2801, 2816, 2831, 2846,
2861, 2876, 2890, 2905,
2919, 2934, 2948, 2963,
2977, 2992, 3006, 3020,
3034, 3048, 3062, 3076,
3090, 3104, 3118, 3131,
3145, 3158, 3172, 3185,
3199, 3212, 3225, 3238,
3251, 3264, 3277, 3290,
3303, 3315, 3328, 3341,
3353, 3365, 3378, 3390,
3402, 3414, 3426, 3438,
3449, 3461, 3473, 3484,
3496, 3507, 3518, 3529,
3540, 3551, 3562, 3573,
3584, 3594, 3605, 3615,
3626, 3636, 3646, 3656,
3666, 3676, 3685, 3695,
3704, 3714, 3723, 3732,
3741, 3750, 3759, 3768,
3777, 3785, 3794, 3802,
3810, 3818, 3826, 3834,
3842, 3850, 3857, 3865,
3872, 3880, 3887, 3894,
3901, 3907, 3914, 3921,
3927, 3933, 3940, 3946,
3952, 3958, 3963, 3969,
3974, 3980, 3985, 3990,
3995, 4000, 4005, 4010,
4014, 4019, 4023, 4027,
4031, 4035, 4039, 4043,
4046, 4050, 4053, 4056,
4059, 4062, 4065, 4068,
4070, 4073, 4075, 4077,
4079, 4081, 4083, 4085,
4086, 4088, 4089, 4090,
4091, 4092, 4093, 4094,
4094, 4095, 4095, 4095,
4095, 4095, 4095, 4095,
4094, 4094, 4093, 4092,
4091, 4090, 4089, 4088,
4086, 4085, 4083, 4081,
4079, 4077, 4075, 4073,
4070, 4068, 4065, 4062,
4059, 4056, 4053, 4050,
4046, 4043, 4039, 4035,
4031, 4027, 4023, 4019,
4014, 4010, 4005, 4000,
3995, 3990, 3985, 3980,
3974, 3969, 3963, 3958,
3952, 3946, 3940, 3933,
3927, 3921, 3914, 3907,
3901, 3894, 3887, 3880,
3872, 3865, 3857, 3850,
3842, 3834, 3826, 3818,
3810, 3802, 3794, 3785,
3777, 3768, 3759, 3750,
3741, 3732, 3723, 3714,
3704, 3695, 3685, 3676,
3666, 3656, 3646, 3636,
3626, 3615, 3605, 3594,
3584, 3573, 3562, 3551,
3540, 3529, 3518, 3507,
3496, 3484, 3473, 3461,
3449, 3438, 3426, 3414,
3402, 3390, 3378, 3365,
3353, 3341, 3328, 3315,
3303, 3290, 3277, 3264,
3251, 3238, 3225, 3212,
3199, 3185, 3172, 3158,
3145, 3131, 3118, 3104,
3090, 3076, 3062, 3048,
3034, 3020, 3006, 2992,
2977, 2963, 2948, 2934,
2919, 2905, 2890, 2876,
2861, 2846, 2831, 2816,
2801, 2786, 2771, 2756,
2741, 2726, 2711, 2696,
2680, 2665, 2650, 2634,
2619, 2603, 2588, 2572,
2557, 2541, 2526, 2510,
2494, 2479, 2463, 2447,
2431, 2415, 2400, 2384,
2368, 2352, 2336, 2320,
2304, 2288, 2272, 2256,
2240, 2224, 2208, 2192,
2176, 2160, 2144, 2128,
2112, 2096, 2080, 2064,
2048, 2031, 2015, 1999,
1983, 1967, 1951, 1935,
1919, 1903, 1887, 1871,
1855, 1839, 1823, 1807,
1791, 1775, 1759, 1743,
1727, 1711, 1695, 1680,
1664, 1648, 1632, 1616,
1601, 1585, 1569, 1554,
1538, 1523, 1507, 1492,
1476, 1461, 1445, 1430,
1415, 1399, 1384, 1369,
1354, 1339, 1324, 1309,
1294, 1279, 1264, 1249,
1234, 1219, 1205, 1190,
1176, 1161, 1147, 1132,
1118, 1103, 1089, 1075,
1061, 1047, 1033, 1019,
1005, 991, 977, 964,
950, 937, 923, 910,
896, 883, 870, 857,
844, 831, 818, 805,
792, 780, 767, 754,
742, 730, 717, 705,
693, 681, 669, 657,
646, 634, 622, 611,
599, 588, 577, 566,
555, 544, 533, 522,
511, 501, 490, 480,
469, 459, 449, 439,
429, 419, 410, 400,
391, 381, 372, 363,
354, 345, 336, 327,
318, 310, 301, 293,
285, 277, 269, 261,
253, 245, 238, 230,
223, 215, 208, 201,
194, 188, 181, 174,
168, 162, 155, 149,
143, 137, 132, 126,
121, 115, 110, 105,
100, 95, 90, 85,
81, 76, 72, 68,
64, 60, 56, 52,
49, 45, 42, 39,
36, 33, 30, 27,
25, 22, 20, 18,
16, 14, 12, 10,
9, 7, 6, 5,
4, 3, 2, 1,
1, 0, 0, 0,
0, 0, 0, 0,
1, 1, 2, 3,
4, 5, 6, 7,
9, 10, 12, 14,
16, 18, 20, 22,
25, 27, 30, 33,
36, 39, 42, 45,
49, 52, 56, 60,
64, 68, 72, 76,
81, 85, 90, 95,
100, 105, 110, 115,
121, 126, 132, 137,
143, 149, 155, 162,
168, 174, 181, 188,
194, 201, 208, 215,
223, 230, 238, 245,
253, 261, 269, 277,
285, 293, 301, 310,
318, 327, 336, 345,
354, 363, 372, 381,
391, 400, 410, 419,
429, 439, 449, 459,
469, 480, 490, 501,
511, 522, 533, 544,
555, 566, 577, 588,
599, 611, 622, 634,
646, 657, 669, 681,
693, 705, 717, 730,
742, 754, 767, 780,
792, 805, 818, 831,
844, 857, 870, 883,
896, 910, 923, 937,
950, 964, 977, 991,
1005, 1019, 1033, 1047,
1061, 1075, 1089, 1103,
1118, 1132, 1147, 1161,
1176, 1190, 1205, 1219,
1234, 1249, 1264, 1279,
1294, 1309, 1324, 1339,
1354, 1369, 1384, 1399,
1415, 1430, 1445, 1461,
1476, 1492, 1507, 1523,
1538, 1554, 1569, 1585,
1601, 1616, 1632, 1648,
1664, 1680, 1695, 1711,
1727, 1743, 1759, 1775,
1791, 1807, 1823, 1839,
1855, 1871, 1887, 1903,
1919, 1935, 1951, 1967,
1983, 1999, 2015, 2031,
