2048, 2054, 2060, 2067,
2073, 2080, 2086, 2093,
2099, 2105, 2112, 2118,
2125, 2131, 2138, 2144,
2150, 2157, 2163, 2170,
2176, 2183, 2189, 2195,
2202, 2208, 2215, 2221,
2227, 2234, 2240, 2247,
2253, 2259, 2266, 2272,
2279, 2285, 2291, 2298,
2304, 2311, 2317, 2323,
2330, 2336, 2342, 2349,
2355, 2362, 2368, 2374,
2381, 2387, 2393, 2400,
2406, 2412, 2419, 2425,
2431, 2438, 2444, 2450,
2457, 2463, 2469, 2475,
2482, 2488, 2494, 2501,
2507, 2513, 2519, 2526,
2532, 2538, 2544, 2551,
2557, 2563, 2569, 2575,
2582, 2588, 2594, 2600,
2607, 2613, 2619, 2625,
2631, 2637, 2644, 2650,
2656, 2662, 2668, 2674,
2680, 2686, 2693, 2699,
2705, 2711, 2717, 2723,
2729, 2735, 2741, 2747,
2753, 2759, 2765, 2771,
2777, 2783, 2789, 2795,
2801, 2807, 2813, 2819,
2825, 2831, 2837, 2843,
2849, 2855, 2861, 2867,
2873, 2879, 2884, 2890,
2896, 2902, 2908, 2914,
2919, 2925, 2931, 2937,
2943, 2948, 2954, 2960,
2966, 2972, 2977, 2983,
2989, 2994, 3000, 3006,
3011, 3017, 3023, 3028,
3034, 3040, 3045, 3051,
3057, 3062, 3068, 3073,
3079, 3084, 3090, 3096,
3101, 3107, 3112, 3118,
3123, 3129, 3134, 3139,
3145, 3150, 3156, 3161,
3167, 3172, 3177, 3183,
3188, 3193, 3199, 3204,
3209, 3215, 3220, 3225,
3230, 3236, 3241, 3246,
3251, 3256, 3262, 3267,
3272, 3277, 3282, 3287,
3293, 3298, 3303, 3308,
3313, 3318, 3323, 3328,
3333, 3338, 3343, 3348,
3353, 3358, 3363, 3368,
3373, 3378, 3382, 3387,
3392, 3397, 3402, 3407,
3411, 3416, 3421, 3426,
3431, 3435, 3440, 3445,
3449, 3454, 3459, 3463,
3468, 3473, 3477, 3482,
3487, 3491, 3496, 3500,
3505, 3509, 3514, 3518,
3523, 3527, 3532, 3536,
3540, 3545, 3549, 3554,
3558, 3562, 3567, 3571,
3575, 3579, 3584, 3588,
3592, 3596, 3601, 3605,
3609, 3613, 3617, 3621,
3626, 3630, 3634, 3638,
3642, 3646, 3650, 3654,
3658, 3662, 3666, 3670,
3674, 3677, 3681, 3685,
3689, 3693, 3697, 3701,
3704, 3708, 3712, 3716,
3719, 3723, 3727, 3730,
3734, 3738, 3741, 3745,
3749, 3752, 3756, 3759,
3763, 3766, 3770, 3773,
3777, 3780, 3784, 3787,
3790, 3794, 3797, 3800,
3804, 3807, 3810, 3814,
3817, 3820, 3823, 3826,
3830, 3833, 3836, 3839,
3842, 3845, 3848, 3851,
3854, 3857, 3860, 3863,
3866, 3869, 3872, 3875,
3878, 3881, 3884, 3887,
3889, 3892, 3895, 3898,
3901, 3903, 3906, 3909,
3911, 3914, 3917, 3919,
3922, 3924, 3927, 3930,
3932, 3935, 3937, 3940,
3942, 3944, 3947, 3949,
3952, 3954, 3956, 3959,
3961, 3963, 3966, 3968,
3970, 3972, 3974, 3977,
3979, 3981, 3983, 3985,
3987, 3989, 3991, 3993,
3995, 3997, 3999, 4001,
4003, 4005, 4007, 4009,
4011, 4012, 4014, 4016,
4018, 4019, 4021, 4023,
4025, 4026, 4028, 4030,
4031, 4033, 4034, 4036,
4037, 4039, 4040, 4042,
4043, 4045, 4046, 4048,
4049, 4050, 4052, 4053,
4054, 4056, 4057, 4058,
4059, 4060, 4062, 4063,
4064, 4065, 4066, 4067,
4068, 4069, 4070, 4071,
4072, 4073, 4074, 4075,
4076, 4077, 4078, 4079,
4079, 4080, 4081, 4082,
4082, 4083, 4084, 4084,
4085, 4086, 4086, 4087,
4088, 4088, 4089, 4089,
4090, 4090, 4091, 4091,
4091, 4092, 4092, 4093,
4093, 4093, 4094, 4094,
4094, 4094, 4094, 4095,
4095, 4095, 4095, 4095,
4095, 4095, 4095, 4095,
4095, 4095, 4095, 4095,
4095, 4095, 4095, 4095,
4095, 4095, 4094, 4094,
4094, 4094, 4094, 4093,
4093, 4093, 4092, 4092,
4091, 4091, 4091, 4090,
4090, 4089, 4089, 4088,
4088, 4087, 4086, 4086,
4085, 4084, 4084, 4083,
4082, 4082, 4081, 4080,
4079, 4079, 4078, 4077,
4076, 4075, 4074, 4073,
4072, 4071, 4070, 4069,
4068, 4067, 4066, 4065,
4064, 4063, 4062, 4060,
4059, 4058, 4057, 4056,
4054, 4053, 4052, 4050,
4049, 4048, 4046, 4045,
4043, 4042, 4040, 4039,
4037, 4036, 4034, 4033,
4031, 4030, 4028, 4026,
4025, 4023, 4021, 4019,
4018, 4016, 4014, 4012,
4011, 4009, 4007, 4005,
4003, 4001, 3999, 3997,
3995, 3993, 3991, 3989,
3987, 3985, 3983, 3981,
3979, 3977, 3974, 3972,
3970, 3968, 3966, 3963,
3961, 3959, 3956, 3954,
3952, 3949, 3947, 3944,
3942, 3940, 3937, 3935,
3932, 3930, 3927, 3924,
3922, 3919, 3917, 3914,
3911, 3909, 3906, 3903,
3901, 3898, 3895, 3892,
3889, 3887, 3884, 3881,
3878, 3875, 3872, 3869,
3866, 3863, 3860, 3857,
3854, 3851, 3848, 3845,
3842, 3839, 3836, 3833,
3830, 3826, 3823, 3820,
3817, 3814, 3810, 3807,
3804, 3800, 3797, 3794,
3790, 3787, 3784, 3780,
3777, 3773, 3770, 3766,
3763, 3759, 3756, 3752,
3749, 3745, 3741, 3738,
3734, 3730, 3727, 3723,
3719, 3716, 3712, 3708,
3704, 3701, 3697, 3693,
3689, 3685, 3681, 3677,
3674, 3670, 3666, 3662,
3658, 3654, 3650, 3646,
3642, 3638, 3634, 3630,
3626, 3621, 3617, 3613,
3609, 3605, 3601, 3596,
3592, 3588, 3584, 3579,
3575, 3571, 3567, 3562,
3558, 3554, 3549, 3545,
3540, 3536, 3532, 3527,
3523, 3518, 3514, 3509,
3505, 3500, 3496, 3491,
3487, 3482, 3477, 3473,
3468, 3463, 3459, 3454,
3449, 3445, 3440, 3435,
3431, 3426, 3421, 3416,
3411, 3407, 3402, 3397,
3392, 3387, 3382, 3378,
3373, 3368, 3363, 3358,
3353, 3348, 3343, 3338,
3333, 3328, 3323, 3318,
3313, 3308, 3303, 3298,
3293, 3287, 3282, 3277,
3272, 3267, 3262, 3256,
3251, 3246, 3241, 3236,
3230, 3225, 3220, 3215,
3209, 3204, 3199, 3193,
3188, 3183, 3177, 3172,
3167, 3161, 3156, 3150,
3145, 3139, 3134, 3129,
3123, 3118, 3112, 3107,
3101, 3096, 3090, 3084,
3079, 3073, 3068, 3062,
3057, 3051, 3045, 3040,
3034, 3028, 3023, 3017,
3011, 3006, 3000, 2994,
2989, 2983, 2977, 2972,
2966, 2960, 2954, 2948,
2943, 2937, 2931, 2925,
2919, 2914, 2908, 2902,
2896, 2890, 2884, 2879,
2873, 2867, 2861, 2855,
2849, 2843, 2837, 2831,
2825, 2819, 2813, 2807,
2801, 2795, 2789, 2783,
2777, 2771, 2765, 2759,
2753, 2747, 2741, 2735,
2729, 2723, 2717, 2711,
2705, 2699, 2693, 2686,
2680, 2674, 2668, 2662,
2656, 2650, 2644, 2637,
2631, 2625, 2619, 2613,
2607, 2600, 2594, 2588,
2582, 2575, 2569, 2563,
2557, 2551, 2544, 2538,
2532, 2526, 2519, 2513,
2507, 2501, 2494, 2488,
2482, 2475, 2469, 2463,
2457, 2450, 2444, 2438,
2431, 2425, 2419, 2412,
2406, 2400, 2393, 2387,
2381, 2374, 2368, 2362,
2355, 2349, 2342, 2336,
2330, 2323, 2317, 2311,
2304, 2298, 2291, 2285,
2279, 2272, 2266, 2259,
2253, 2247, 2240, 2234,
2227, 2221, 2215, 2208,
2202, 2195, 2189, 2183,
2176, 2170, 2163, 2157,
2150, 2144, 2138, 2131,
2125, 2118, 2112, 2105,
2099, 2093, 2086, 2080,
2073, 2067, 2060, 2054,
2048, 2041, 2035, 2028,
2022, 2015, 2009, 2002,
1996, 1990, 1983, 1977,
1970, 1964, 1957, 1951,
1945, 1938, 1932, 1925,
1919, 1912, 1906, 1900,
1893, 1887, 1880, 1874,
1868, 1861, 1855, 1848,
1842, 1836, 1829, 1823,
1816, 1810, 1804, 1797,
1791, 1784, 1778, 1772,
1765, 1759, 1753, 1746,
1740, 1733, 1727, 1721,
1714, 1708, 1702, 1695,
1689, 1683, 1676, 1670,
1664, 1657, 1651, 1645,
1638, 1632, 1626, 1620,
1613, 1607, 1601, 1594,
1588, 1582, 1576, 1569,
1563, 1557, 1551, 1544,
1538, 1532, 1526, 1520,
1513, 1507, 1501, 1495,
1488, 1482, 1476, 1470,
1464, 1458, 1451, 1445,
1439, 1433, 1427, 1421,
1415, 1409, 1402, 1396,
1390, 1384, 1378, 1372,
1366, 1360, 1354, 1348,
1342, 1336, 1330, 1324,
1318, 1312, 1306, 1300,
1294, 1288, 1282, 1276,
1270, 1264, 1258, 1252,
1246, 1240, 1234, 1228,
1222, 1216, 1211, 1205,
1199, 1193, 1187, 1181,
1176, 1170, 1164, 1158,
1152, 1147, 1141, 1135,
1129, 1123, 1118, 1112,
1106, 1101, 1095, 1089,
1084, 1078, 1072, 1067,
1061, 1055, 1050, 1044,
1038, 1033, 1027, 1022,
1016, 1011, 1005, 999,
994, 988, 983, 977,
972, 966, 961, 956,
950, 945, 939, 934,
928, 923, 918, 912,
907, 902, 896, 891,
886, 880, 875, 870,
865, 859, 854, 849,
844, 839, 833, 828,
823, 818, 813, 808,
802, 797, 792, 787,
782, 777, 772, 767,
762, 757, 752, 747,
742, 737, 732, 727,
722, 717, 713, 708,
703, 698, 693, 688,
684, 679, 674, 669,
664, 660, 655, 650,
646, 641, 636, 632,
627, 622, 618, 613,
608, 604, 599, 595,
590, 586, 581, 577,
572, 568, 563, 559,
555, 550, 546, 541,
537, 533, 528, 524,
520, 516, 511, 507,
503, 499, 494, 490,
486, 482, 478, 474,
469, 465, 461, 457,
453, 449, 445, 441,
437, 433, 429, 425,
421, 418, 414, 410,
406, 402, 398, 394,
391, 387, 383, 379,
376, 372, 368, 365,
361, 357, 354, 350,
346, 343, 339, 336,
332, 329, 325, 322,
318, 315, 311, 308,
305, 301, 298, 295,
291, 288, 285, 281,
278, 275, 272, 269,
265, 262, 259, 256,
253, 250, 247, 244,
241, 238, 235, 232,
229, 226, 223, 220,
217, 214, 211, 208,
206, 203, 200, 197,
194, 192, 189, 186,
184, 181, 178, 176,
173, 171, 168, 165,
163, 160, 158, 155,
153, 151, 148, 146,
143, 141, 139, 136,
134, 132, 129, 127,
125, 123, 121, 118,
116, 114, 112, 110,
108, 106, 104, 102,
100, 98, 96, 94,
92, 90, 88, 86,
84, 83, 81, 79,
77, 76, 74, 72,
70, 69, 67, 65,
64, 62, 61, 59,
58, 56, 55, 53,
52, 50, 49, 47,
46, 45, 43, 42,
41, 39, 38, 37,
36, 35, 33, 32,
31, 30, 29, 28,
27, 26, 25, 24,
23, 22, 21, 20,
19, 18, 17, 16,
16, 15, 14, 13,
13, 12, 11, 11,
10, 9, 9, 8,
7, 7, 6, 6,
5, 5, 4, 4,
4, 3, 3, 2,
2, 2, 1, 1,
1, 1, 1, 0,
0, 0, 0, 0,
0, 0, 0, 0,
0, 0, 0, 0,
0, 0, 0, 0,
0, 0, 1, 1,
1, 1, 1, 2,
2, 2, 3, 3,
4, 4, 4, 5,
5, 6, 6, 7,
7, 8, 9, 9,
10, 11, 11, 12,
13, 13, 14, 15,
16, 16, 17, 18,
19, 20, 21, 22,
23, 24, 25, 26,
27, 28, 29, 30,
31, 32, 33, 35,
36, 37, 38, 39,
41, 42, 43, 45,
46, 47, 49, 50,
52, 53, 55, 56,
58, 59, 61, 62,
64, 65, 67, 69,
70, 72, 74, 76,
77, 79, 81, 83,
84, 86, 88, 90,
92, 94, 96, 98,
100, 102, 104, 106,
108, 110, 112, 114,
116, 118, 121, 123,
125, 127, 129, 132,
134, 136, 139, 141,
143, 146, 148, 151,
153, 155, 158, 160,
163, 165, 168, 171,
173, 176, 178, 181,
184, 186, 189, 192,
194, 197, 200, 203,
206, 208, 211, 214,
217, 220, 223, 226,
229, 232, 235, 238,
241, 244, 247, 250,
253, 256, 259, 262,
265, 269, 272, 275,
278, 281, 285, 288,
291, 295, 298, 301,
305, 308, 311, 315,
318, 322, 325, 329,
332, 336, 339, 343,
346, 350, 354, 357,
361, 365, 368, 372,
376, 379, 383, 387,
391, 394, 398, 402,
406, 410, 414, 418,
421, 425, 429, 433,
437, 441, 445, 449,
453, 457, 461, 465,
469, 474, 478, 482,
486, 490, 494, 499,
503, 507, 511, 516,
520, 524, 528, 533,
537, 541, 546, 550,
555, 559, 563, 568,
572, 577, 581, 586,
590, 595, 599, 604,
608, 613, 618, 622,
627, 632, 636, 641,
646, 650, 655, 660,
664, 669, 674, 679,
684, 688, 693, 698,
703, 708, 713, 717,
722, 727, 732, 737,
742, 747, 752, 757,
762, 767, 772, 777,
782, 787, 792, 797,
802, 808, 813, 818,
823, 828, 833, 839,
844, 849, 854, 859,
865, 870, 875, 880,
886, 891, 896, 902,
907, 912, 918, 923,
928, 934, 939, 945,
950, 956, 961, 966,
972, 977, 983, 988,
994, 999, 1005, 1011,
1016, 1022, 1027, 1033,
1038, 1044, 1050, 1055,
1061, 1067, 1072, 1078,
1084, 1089, 1095, 1101,
1106, 1112, 1118, 1123,
1129, 1135, 1141, 1147,
1152, 1158, 1164, 1170,
1176, 1181, 1187, 1193,
1199, 1205, 1211, 1216,
1222, 1228, 1234, 1240,
1246, 1252, 1258, 1264,
1270, 1276, 1282, 1288,
1294, 1300, 1306, 1312,
1318, 1324, 1330, 1336,
1342, 1348, 1354, 1360,
1366, 1372, 1378, 1384,
1390, 1396, 1402, 1409,
1415, 1421, 1427, 1433,
1439, 1445, 1451, 1458,
1464, 1470, 1476, 1482,
1488, 1495, 1501, 1507,
1513, 1520, 1526, 1532,
1538, 1544, 1551, 1557,
1563, 1569, 1576, 1582,
1588, 1594, 1601, 1607,
1613, 1620, 1626, 1632,
1638, 1645, 1651, 1657,
1664, 1670, 1676, 1683,
1689, 1695, 1702, 1708,
1714, 1721, 1727, 1733,
1740, 1746, 1753, 1759,
1765, 1772, 1778, 1784,
1791, 1797, 1804, 1810,
1816, 1823, 1829, 1836,
1842, 1848, 1855, 1861,
1868, 1874, 1880, 1887,
1893, 1900, 1906, 1912,
1919, 1925, 1932, 1938,
1945, 1951, 1957, 1964,
1970, 1977, 1983, 1990,
1996, 2002, 2009, 2015,
2022, 2028, 2035, 2041,
